90 60
Acadia N.P.,ME
449 2508 1358 690 2548 1470 2980 290 746 1251 1034 1124 2245 1298 931 1201 1045 2053 2286 1609 1117 2686 1945 2532 385 2141 1224 1709 1428 1720 3036 1736 3309 1255 1599 1769 1391 1708 1390 1812 494 860 1964 1746 1568 597 2973 876 182 3402 2211 3201 1470 2678 2327 3326 3423 3371 725 1910
Albany,NY
0 2080 991 326 2086 1080 2518 166 296 887 644 757 1783 836 481 837 619 1663 1824 1147 655 2228 1483 2070 108 1751 796 1319 1064 1292 2574 1346 2847 832 1209 1405 929 1246 1000 1422 156 496 1536 1284 1204 233 2545 472 267 2940 1749 2239 1042 2216 1937 2898 2961 2909 361 1482 
Albuquerque,NM
2080 0 1407 1883 993 1260 944 2225 1790 1769 1546 1641 539 1335 1603 1661 1462 646 439 977 1585 267 1272 382 2125 894 1284 1055 1648 783 580 882 804 1296 1013 1963 1352 1222 1223 1145 2020 1912 543 868 1743 1940 465 1650 2326 1366 828 1025 1038 604 714 818 1101 1433 1885 593
Amarilio,Tx
1796 284 1123 1599 969 976 1229 1941 1506 1485 1262 1357 515 1051 1319 1377 1178 362 420 797 1301 432 1011 581 1841 610 1000 771 1364 603 864 598 1088 1012 729 1679 1125 1042 939 861 1736 1628 259 651 1459 1656 749 1366 2042 1651 723 1309 754 878 511 1102 1385 1718 1601 416 
Atlanta,GA
991 1407 0 669 1840 128 2184 1075 899 320 500 240 1449 716 712 213 571 792 1416 976 732 1425 1369 1665 975 802 531 383 345 811 1987 531 2211 417 394 661 809 1132 244 473 870 555 864 999 441 772 1859 683 1176 2606 1523 2405 555 1882 993 2154 2508 2673 632 974
Baltimore,MD
326 1883 669 0 1965 784 2397 407 371 562 367 435 1662 715 380 512 420 1367 1700 1026 534 2000 1362 1949 307 1455 599 1023 739 1095 2453 1050 2667 617 913 1080 808 1125 704 1126 202 232 1339 1163 879 104 2348 251 508 2819 1628 2618 845 2095 1641 2701 2840 2788 36 1285
Big Bnd N.P.,Tx
2228 591 1357 1932 1409 1213 1530 2335 1943 1677 1617 1597 955 1445 1756 1570 1615 565 855 1191 1695 324 1534 973 2235 589 1394 974 1460 997 1051 884 1138 1401 1019 1775 1519 1436 1229 937 2130 1918 653 1117 1555 2035 758 1798 2436 1952 1190 1496 1148 1190 394 1053 1517 2019 1891 810
Billings,MT
2086 993 1840 1965 0 1787 622 2265 1796 2163 1749 2035 456 1249 1605 2055 1611 1329 554 948 1536 1178 604 667 2163 1577 1435 1772 2186 1029 960 1513 1233 1549 1554 2501 1178 843 1598 1828 2071 2152 1221 847 2281 2022 1203 1722 2366 885 321 956 1285 544 1480 1294 1178 821 1965 1064
Birmingham,AL
1080 1260 148 784 1787 0 2131 1187 906 468 580 388 1396 563 719 361 578 648 1363 923 739 1281 1316 1612 1087 671 478 239 468 758 1840 384 2064 364 247 783 756 1079 189 342 982 703 717 946 563 887 1715 761 1288 2553 1470 2352 502 1829 862 2010 2361 2620 743 827
Boise,ID
2518 944 2184 2397 622 2131 0 2697 2228 2487 2137 2359 736 1705 2037 2379 2026 1589 814 1369 1968 1206 1228 625 2595 1837 1850 2032 2530 1373 633 1773 842 1887 1904 2845 1744 1467 1942 2088 2503 2546 1481 1234 2625 2454 998 2154 2798 427 945 420 1629 339 1648 935 642 484 2397 1324
Boston,MA
166 225 1075 407 2265 1187 2697 0 463 968 751 841 1962 1015 648 918 762 1770 2003 1326 834 2403 1662 2249 102 1858 941 1426 1145 1437 2753 1453 3026 972 1316 1486 1108 1425 1107 1529 211 577 1681 1463 1285 314 2690 593 108 3119 1928 2918 1187 2395 2044 3043 3140 3088 442 1627
Brownsville,TX
2103 992 1154 1807 1758 1023 1926 2210 1922 1462 1596 1394 1304 1472 1735 1362 1594 544 1209 1278 1755 836 1621 1364 2110 352 1452 794 1227 1084 1563 863 1650 1380 998 1542 1546 1523 1208 704 2005 1709 740 1204 1322 1910 1270 1777 2311 2348 1512 2008 1175 1586 278 1565 2029 2415 1766 897 
Buffalo,NY
296 1790 899 371 1796 906 2228 463 0 860 427 659 1493 546 191 748 329 1378 1534 857 365 1938 1193 1780 405 1491 506 1132 1037 1002 2284 1061 2557 542 924 1378 639 956 717 1244 393 578 1246 994 1177 384 2255 217 564 2650 1459 2449 752 1926 1652 2608 2671 2619 391 1192
Calgary,AB
2437 1487 2323 2316 545 2270 752 2616 2147 2514 2100 2386 1001 1600 1956 2406 1962 1874 1099 1433 1887 1749 958 1168 2514 212 1786 2317 2669 1574 1298 2058 1571 1900 2099 2984 1529 1194 2081 2373 2422 2503 1766 1392 2764 2373 1541 2073 2717 786 866 1294 1830 882 2025 1632 1319 672 2316 1609
Charleston,SC
887 1769 320 562 2163 468 2487 968 860 0 467 203 1752 913 717 112 634 1112 1719 1205 871 1745 1560 1968 868 1110 726 703 239 1114 2349 839 2573 612 756 580 1006 1323 547 781 763 431 1226 1302 379 665 2179 650 1069 2909 1826 2708 858 2185 1301 2474 2870 2976 525 1304 
Charleston,Wv
644 1546 500 367 1749 580 2137 751 427 467 0 266 1402 499 250 355 167 1052 1369 843 404 1685 1146 1618 651 1165 316 806 644 764 2122 735 2350 250 598 985 592 909 391 918 546 409 1002 952 784 466 2011 229 852 2559 1412 2358 508 1835 1326 2364 2580 2572 365 945 
Charlotte,NC
757 1641 240 435 2035 388 2359 841 659 203 266 0 1624 785 516 91 433 1032 1591 1077 670 1665 1432 1840 741 1042 598 623 380 986 2221 765 2445 484 628 721 878 1195 419 713 636 321 1098 1174 520 538 2106 449 942 2781 1698 2580 730 2057 1233 2394 2742 2848 398 1176
Cheyenne,WY
1783 539 1449 1662 456 1396 736 1962 1493 1752 1402 1624 0 970 1302 1644 1291 875 100 634 1233 724 779 346 1860 1123 1115 1318 1795 638 829 1059 1102 1152 1190 2110 1009 879 1207 1374 1768 1811 767 499 1890 1719 916 1419 2063 1158 291 957 894 434 1026 1163 1179 1225 1662 610 
Chicago,IL
836 1335 716 715 1249 663 1705 1015 546 913 499 785 970 0 355 805 361 928 1011 334 286 1483 646 1257 913 1085 185 749 1062 530 1761 655 2034 299 536 1377 92 409 474 929 821 902 791 471 1157 772 1800 472 1116 2127 912 1926 297 1403 1202 2095 2148 2027 715 720 
Cincinnati,OH
729 1391 460 527 1549 467 1962 869 439 615 253 487 1227 299 252 507 111 939 1208 591 272 1572 946 1457 769 1052 112 693 792 603 1961 622 2195 103 485 1121 392 709 278 805 664 662 847 728 901 584 1856 294 970 2384 1212 2183 353 1660 1213 2209 2405 2372 527 793 
Cleavland,OH
481 1603 712 380 1605 719 2037 648 191 717 250 516 1302 355 0 605 142 1191 1343 666 174 1751 1002 1589 578 1304 319 945 894 815 2093 874 2366 355 737 1235 448 765 530 1057 486 567 1059 803 1034 437 2068 137 749 2459 1268 2258 565 1735 1465 2427 2480 2428 380 1005
Columbia,SC
837 1661 213 512 2055 361 2379 918 748 112 355 91 1644 805 605 0 522 1005 1611 1097 759 1638 1452 1860 818 1010 618 596 289 1006 2241 785 2465 504 648 630 898 1215 439 681 713 381 1118 1194 429 615 2027 538 1019 2801 1718 2600 750 2077 1201 2367 2762 2868 475 1196
Columbus,OH
619 1462 571 420 1611 578 2026 762 329 634 167 433 1291 361 142 522 0 1050 1279 655 206 1610 1008 1528 662 1163 178 804 811 674 2032 733 2266 214 596 1152 454 771 389 916 557 576 918 792 951 477 1927 187 863 2448 1274 2247 424 1724 1324 2280 2469 2434 420 864 
Crater Lake N.P.,OR
2936 1341 2602 2815 1027 2549 423 3115 2646 2905 2555 2777 1154 2123 2455 2797 2444 1987 1232 1787 2386 1562 1636 990 3013 2314 2268 2450 2948 1791 761 2191 749 2305 2322 3263 2162 1872 2360 2486 2921 2964 1899 1652 3043 2872 1129 2572 3216 247 1350 318 2047 711 2120 873 418 431 2815 1742
Dallas,TX
1663 646 792 1367 1329 648 1589 1770 1378 1112 1052 1032 875 928 1191 1005 1050 0 780 689 1211 633 1089 941 1670 246 908 409 1002 495 1226 319 1447 836 454 1317 1002 934 664 499 1565 1353 208 672 1097 1470 1067 1233 1871 2011 1071 1671 631 1240 274 1362 1747 2078 1326 365
Denver,CO
1824 439 1416 1700 554 1363 814 2003 1534 1719 1369 1591 100 1011 1343 1611 1279 780 0 675 1274 624 875 246 1901 1028 1101 1223 1762 605 750 964 1023 1119 1095 2077 1050 920 1174 1279 1809 1778 672 540 1857 1757 816 1460 2104 1236 389 1035 861 512 931 1084 1257 1303 1700 515
Des Moines,IA
1147 977 976 1026 948 923 1369 1326 857 1205 843 1077 634 334 666 1097 655 689 675 0 597 1125 479 921 1224 931 479 870 1322 197 1425 580 1698 593 657 1637 373 243 734 1050 1132 1252 538 135 1417 1083 1442 783 1427 1791 631 1590 388 1067 1008 1759 1812 1771 1026 384
Detroit,MI
655 1585 732 534 1536 739 1968 834 365 871 404 670 1233 286 174 759 206 1211 1274 597 0 1733 933 1520 732 1324 298 965 1048 793 2024 894 2297 375 757 1389 379 696 550 1077 640 721 1041 734 1173 591 2050 291 935 2390 1199 2189 547 1666 1485 2358 2411 2359 534 983
El Paso,Tx
2228 267 1425 2000 1178 1281 1206 2403 1938 1745 1685 1665 724 1483 1751 1638 1610 633 624 1125 1733 0 1376 649 2303 752 1432 1042 1623 931 727 952 814 1469 1087 1938 1500 1370 1297 1100 2198 1986 691 1016 1718 2103 434 1798 2504 1628 1013 1172 1186 866 558 729 1193 1695 1959 741
Fargo,ND
1483 1272 1369 1362 604 1316 1228 1662 1193 1560 1146 1432 779 646 1002 1452 1008 1089 875 479 933 1376 0 1121 1560 1335 832 1343 1715 605 1566 994 1839 946 1130 2030 575 240 1127 1523 1468 1549 881 421 1810 1419 1691 1119 1763 1494 552 1562 861 1153 1351 1900 1784 1427 1362 727    
Grand Canyon N.P.,AZ
2484 404 1811 2287 1067 1664 862 2692 2194 2173 1950 2045 780 1691 2007 2065 1866 1050 680 1355 1954 557 1555 436 2529 1298 1688 1459 2052 1187 276 1286 500 1700 1417 2367 1730 1600 1627 1549 2424 2316 947 1220 2147 2344 219 2054 2730 1284 1069 721 1442 522 1115 511 797 1351 2289 997
Grand Junction,CO
2070 382 1665 1949 667 1612 625 2249 1780 1968 1618 1840 346 1257 1589 1860 1528 941 246 921 1520 649 1121 0 2147 1189 1350 1472 2011 854 506 1213 779 1368 1344 2326 1296 1166 1423 1440 2055 2027 921 786 2106 2006 572 1706 2350 1047 635 802 1110 285 1086 840 1024 114 1949 764
Great Smoky Mts.N.P.
827 1443 193 531 1837 301 2161 934 728 344 318 216 1426 587 541 236 400 884 1393 879 561 1517 1234 1642 834 972 400 540 527 788 2023 567 2247 286 430 862 680 997 221 643 729 493 900 976 667 634 1908 501 1035 2583 1500 2382 532 1859 1158 2246 2544 2650 490 978
Hartford,CT
108 2125 975 307 2163 1087 2595 102 405 868 651 741 1860 913 578 818 622 1670 1901 1224 732 2303 1560 2147 0 1758 841 1326 1045 1337 2651 1353 2924 872 1216 1386 1006 1323 1007 1429 111 477 1580 1361 1185 214 2590 493 203 3017 1826 2816 1087 2293 1944 2943 3038 2986 342 1527
Houston,TX
1751 894 802 1455 1577 671 1837 1858 1491 1110 1165 1042 1123 1085 1304 1010 1163 246 1028 931 1324 752 1335 1189 1758 0 1021 442 875 737 1479 432 1566 949 567 1190 1175 1176 777 352 1653 1357 454 918 970 1558 1186 1346 1959 2259 1317 1924 780 1488 195 1481 1945 2326 1414 611
Indianapolis,IN
796 1284 531 599 1435 478 1850 941 506 726 316 598 1115 185 319 618 178 908 1101 479 298 1432 832 1350 841 1021 0 685 877 496 1854 591 2088 114 472 1192 278 595 289 816 736 725 740 616 972 656 1749 366 1042 2272 1098 2071 246 1548 1182 2102 2293 2258 559 686
Jackson,MS
1319 1055 383 1023 1772 239 2032 1426 1132 703 806 623 1318 749 945 596 804 409 1223 870 965 1042 1343 1472 1326 442 685 0 593 738 1635 261 1856 590 213 908 839 1058 418 180 1221 938 617 926 688 1126 1476 987 1527 2454 1450 2080 498 1730 633 1771 2156 2521 982 708
Jacksonville,FL
1064 1648 346 739 2186 468 2530 1145 1037 239 644 380 1795 1062 894 289 811 1002 1762 1322 1048 1623 1715 2011 1045 875 877 593 0 1157 2228 850 2437 763 713 341 1155 1478 590 546 940 608 1183 1345 140 842 2057 827 1246 2952 1869 2751 901 2228 1066 2352 2816 3019 702 1293
Kansas City,MO
1292 783 811 1095 1092 758 1373 1437 1002 1114 764 986 638 530 815 1006 674 495 605 194 793 931 605 854 1337 737 496 738 1157 0 1358 389 1631 514 525 1472 569 439 569 918 1232 1173 344 188 1252 1152 1248 862 1538 1795 712 1594 256 1071 814 1601 1816 1862 1095 190
Las Vegas,NV
2574 580 1987 2453 960 1840 633 2753 2284 2349 2122 2221 829 1761 2093 2241 2032 1226 750 1425 2024 727 1566 506 2651 1479 1854 1635 2228 1358 0 1462 275 1872 1593 2543 1800 1670 1803 1725 2559 2492 1123 1290 2323 2510 292 2210 2854 1022 1052 445 1614 415 1285 336 568 1122 2465 1173
Little Rock,AR
1346 882 531 1050 1513 384 1773 1453 1061 893 735 765 1059 655 874 785 733 319 964 580 894 952 994 1213 1353 432 591 261 850 389 1462 0 1686 519 137 1165 745 825 347 441 1248 1036 339 577 945 1153 1347 916 1554 2195 1101 1907 351 1471 593 1681 1983 2262 1009 449
Los Angeles,CA
2847 804 2211 2687 1233 2064 842 3026 2557 2573 2350 2445 1102 2034 2366 2465 2266 1447 1023 1698 2297 814 1839 779 2924 1566 2088 1856 2437 1631 275 1686 0 2100 1817 2752 2073 1943 2027 1914 2824 2716 1347 1563 2532 2744 381 2454 3127 967 1325 472 1842 688 1372 124 380 1151 2689 1397
Louisville,KY
832 1296 417 617 1549 364 1887 972 542 612 250 484 1152 299 355 504 214 836 1119 593 375 1469 946 1368 872 949 114 590 763 514 1872 519 2100 0 382 1078 392 709 175 702 767 659 752 702 858 687 1761 397 1073 2309 1226 2108 258 1585 1110 2114 2330 2372 615 704 
Memphis,TN
1209 1013 394 913 1554 247 1904 1316 924 756 598 628 1190 536 737 648 596 454 1095 657 757 1087 1130 1344 1216 567 472 213 713 525 1593 137 1817 382 0 1028 626 845 210 393 1111 899 470 713 808 1016 1478 779 1417 2326 1237 2038 285 1602 728 1816 2114 2393 872 580 
Mexico City,MX
2736 1399 1767 2440 2310 1656 2604 2951 2559 2095 2233 2027 1856 2109 2258 1995 2227 1181 1756 1911 2388 1132 2254 1781 2743 985 2089 1472 1860 1721 1898 1496 1938 2013 1631 2175 2201 2160 1841 1440 2638 2342 1373 1837 1955 2543 1605 2410 2944 2906 2145 2380 1808 2264 1593 1815 2319 3090 2399 1530 
Miami,FL
1405 1963 661 1080 2501 783 2845 1486 1378 580 985 721 2110 1377 1235 630 1152 1317 2077 1637 1389 1938 2030 2326 1386 1190 1192 908 341 1472 2543 1165 2752 1078 1028 0 1470 1793 905 861 1281 949 1498 1660 229 1183 2372 1168 1587 3267 2814 3066 1216 2543 1381 2667 3131 3334 1043 1608
Milwaukee,WI
929 1352 809 808 1178 756 1744 1108 639 1006 592 878 1009 92 448 898 454 1002 1050 373 379 1500 575 1296 1006 1175 278 839 1155 569 1800 745 2073 392 626 1470 0 338 567 1019 914 995 865 510 1250 865 1817 565 1209 2065 841 1965 371 1442 1276 2134 2187 2001 808 759
Minneapolis,MN
1246 1222 1132 1125 843 1079 1467 1425 956 1323 909 1195 879 409 765 1215 771 934 920 243 696 1370 240 1166 1323 1176 595 1058 1478 439 1670 825 1943 709 845 1793 338 0 890 1238 1231 1312 783 380 1573 1182 1687 882 1526 1730 611 1835 619 1312 1253 2004 2057 1666 1125 629
Mobile,AL
1337 1245 335 1004 1962 262 2222 1444 1166 638 828 575 1508 923 979 543 838 599 1413 1056 999 1220 1529 1662 1344 472 738 190 403 924 1825 451 2034 624 399 718 1916 1244 449 143 1205 890 807 1112 498 1107 1654 1021 1545 2644 1636 2270 684 1920 663 1949 2413 2711 967 898
Montpelier,VT
164 2209 1159 509 2215 1248 2647 187 425 1070 812 925 1912 965 610 1020 748 1797 1953 1276 784 2357 1612 2199 202 1919 925 1487 1247 1421 2703 1480 2976 961 1343 1588 1058 1375 1136 1590 313 679 1665 1413 1387 416 2674 637 213 3069 1878 2868 1171 2345 2071 3027 3090 3038 544 1611
Montreal,PQ
226 2150 1216 551 1898 1303 2533 324 403 1112 824 982 1798 851 588 1071 726 1775 1839 1162 568 2298 1291 2085 339 1888 862 1529 1289 1358 2589 1458 2862 939 1321 1630 944 1261 1114 1641 381 721 1606 1299 1429 458 2615 614 263 2955 1764 2754 1112 2231 2049 2923 2976 2721 586 1548 
Nashville,TN
1000 1223 244 704 1598 189 1942 1107 717 547 391 419 1207 474 530 439 389 664 1174 734 550 1297 1127 1423 1007 777 289 418 590 569 1803 347 2027 175 210 905 567 890 0 527 902 690 680 757 685 807 1688 572 1208 2364 1281 2163 313 1640 938 2026 2324 2431 663 759
New ORleans,LA
1422 1145 473 1125 1828 342 2088 1529 1244 781 918 713 1374 929 1057 681 916 499 1279 1050 1077 1100 1523 1440 1429 352 816 180 546 918 1725 441 1914 702 393 861 1019 1238 527 0 1324 1028 707 1106 641 1229 1534 1099 1630 2510 1630 2170 678 1739 542 1829 2293 2577 1085 864
New York,NY
156 2020 870 202 2071 982 2503 211 393 763 546 636 1768 821 4861 713 557 1565 1809 1132 640 2198 1468 2055 111 1653 736 1221 940 1232 2559 1248 2824 767 1111 1281 914 1231 902 1324 0 372 1476 1269 1080 109 2485 388 312 2925 1734 2724 982 2201 1839 2838 2946 2894 237 1422
Norfolk,VA
496 1912 555 232 2152 703 2546 577 578 431 409 321 1811 902 567 381 576 1353 1778 1252 721 1986 1549 2027 477 1357 725 938 608 1173 2482 1036 2716 659 899 949 995 1312 690 1028 372 0 1369 1363 748 276 2377 438 678 2968 1815 2767 917 2244 1548 2715 2989 2975 195 1363
Oklahoma City,OK
1536 543 864 1339 1221 717 1481 1681 1246 1226 1002 1098 767 791 1059 1118 918 208 672 538 1041 691 881 921 1581 454 740 617 1183 344 1123 339 1347 752 470 1498 865 783 680 707 1476 1369 0 464 1278 1396 1008 1106 1782 1903 863 1568 494 1179 470 1361 1644 1970 1342 157
Olympic N.P.,WV
3028 1552 2792 2907 940 2739 613 3207 2738 3095 2691 2967 1344 2191 2547 2987 2553 2197 1422 1890 2478 1814 1549 1233 3105 2445 2377 2640 3138 1981 1241 2381 1209 2491 2512 3453 2120 1785 2550 2696 3013 3094 2089 1789 3233 2964 1589 2664 3308 233 1263 821 2237 947 2256 1333 878 84 2907 1932
Omaha,NE
1284 868 999 1163 847 946 1234 1463 994 1302 952 1174 499 471 803 1194 792 672 540 135 734 1016 421 786 1361 918 616 926 1345 188 1290 577 1563 702 713 1660 510 380 757 1106 1269 1363 464 0 1440 1220 1356 920 1564 1656 528 1455 444 932 934 1624 1677 1670 1163 310
Orlando,FL
1204 1743 441 879 2281 563 2625 1285 1177 379 784 520 1890 1157 1034 429 951 1097 1857 1417 1173 1718 1810 2106 1185 970 972 688 140 1252 2323 945 2532 858 808 229 1250 1573 685 641 1080 748 1278 1440 0 982 2152 967 1386 3047 1964 2846 996 2323 1161 2447 2911 3114 842 1388 
Philadelphia,PA
233 1940 772 104 2022 887 2454 314 384 665 466 538 1719 772 437 615 477 1470 1757 1083 591 2103 1419 2006 214 1558 656 1126 842 1152 2510 1153 2744 687 1016 1183 865 1182 807 1229 109 276 1396 1220 982 0 2405 308 415 2876 1685 2675 902 2152 1744 2758 2897 2845 139 1342
Phoenix,Az
2545 465 1859 2348 1203 1715 998 2690 2255 2179 2011 2106 916 1800 2068 2072 1927 1067 816 1442 2050 434 1691 572 2590 1186 1749 1476 2057 1248 292 1347 381 1761 1478 2372 1817 1687 1688 1534 2485 2377 1008 1356 2152 2405 0 2115 2791 1347 1205 737 1503 658 992 359 760 1487 2350 1058
Pittsburgh,PA
472 1650 683 251 1722 761 2154 593 217 650 229 449 1419 472 137 538 187 1233 1460 783 291 1798 1119 1706 493 1346 366 987 827 862 2210 916 2454 397 779 1168 565 882 572 1099 388 438 1106 920 967 308 2115 0 694 2576 1385 2375 612 1852 1507 2468 2597 2545 251 1052
Portland,ME
267 2326 1176 508 2366 1288 2798 108 564 1069 852 942 2063 1116 749 1019 863 1871 2104 1427 935 2504 1763 2350 203 1959 1042 1527 1246 1538 2854 1554 3127 1073 1417 1587 1209 1526 1208 1630 312 678 1782 1564 1386 415 2791 694 0 3220 2029 3019 1288 2496 2145 3144 3241 3189 543 1728
Portland,OR
2940 1356 2606 2819 885 2553 427 3119 2650 2909 2559 2781 1158 2127 2459 2801 2448 2011 1236 1791 2390 1628 1494 1047 3017 2259 2272 2454 2952 1795 1022 2195 967 2309 2326 3267 2065 1730 2364 2510 2925 2968 1903 1656 3047 2876 1347 2576 3220 0 1208 579 2051 761 2070 1091 636 175 2819 1746
Quebec,PQ
378 2307 1373 703 2055 1460 2690 403 560 1264 981 1139 1955 1008 745 1228 883 1932 1996 1319 725 2455 1448 2242 430 2045 1019 1686 1441 1515 2746 1615 3019 1096 1478 1782 1101 1418 1271 1798 541 873 1763 1456 1581 610 2772 771 277 3112 1921 2911 1269 2388 2206 3080 3133 2878 738 1705
Raleigh,NC
616 1760 387 291 2070 535 2458 697 637 278 321 153 1723 822 571 228 488 1201 1690 1164 725 1834 1467 1939 597 1189 685 770 455 1085 2340 884 2564 571 747 796 913 1230 538 860 492 175 1217 1273 595 394 2225 497 798 2880 1733 2679 829 2156 1380 2563 2861 2893 254 1275
Rapid City,SD
1749 828 1523 1628 321 1470 945 1928 1459 1826 1412 1698 291 912 1268 1718 1274 1071 389 631 1199 1013 552 635 1826 1317 1098 1450 1869 712 1052 1101 1325 1226 1237 2184 841 611 1281 1630 1734 1815 863 528 1964 1685 1205 1385 2029 1208 0 1180 968 657 1234 1386 1402 1144 1628 706
Regina,SK
1991 1280 1877 1870 474 1824 1098 2170 1701 2068 1654 1940 743 1154 1510 1960 1516 1522 841 987 1441 1465 512 1071 2068 1768 1340 1849 2223 1111 1436 1500 1709 1454 1636 2538 1083 748 1635 2029 1976 2057 1314 929 2318 1927 1679 1627 2271 1132 523 1432 1367 1020 1767 1770 1654 1068 1870 1157
Reno,NV
2739 1025 2405 2618 956 2352 420 2918 2449 2708 2358 2580 957 1926 2258 2600 2247 1671 1035 1590 2189 1172 1562 802 2816 1924 2071 2080 2751 1594 445 1907 472 2108 2038 3066 1965 1835 2163 2170 2724 2767 1568 1455 2846 2675 737 2375 3019 579 1180 0 1850 523 1730 565 222 763 2618 1545
St. Louis,MO
1042 1038 555 845 1285 502 1629 1187 752 858 508 730 894 297 565 750 424 631 861 388 547 1186 861 1110 1087 780 246 498 901 256 1614 351 1842 258 285 1216 371 619 313 678 982 917 494 444 996 902 1503 612 1288 2051 968 1850 0 1327 905 1856 2027 2118 845 446
Salt Lake City,UT
2216 604 1882 2095 544 1829 339 2395 1926 2185 1835 2057 434 1403 1735 2077 1724 1240 512 1067 1666 866 1153 285 2293 1488 1548 1730 2228 1071 415 1471 688 1585 1602 2543 1442 1312 1640 1739 2201 2244 1179 932 2323 2152 658 1852 2496 761 657 523 1327 0 1308 749 745 828 2095 1022
San Antonio,TX
1937 714 993 1641 1480 862 1648 2044 1652 1301 1326 1233 1026 1202 1465 1201 1324 274 931 1008 1485 558 1351 1086 1944 195 1182 633 1066 814 1285 593 1372 1110 728 1381 1276 1253 938 543 1839 1548 470 934 1161 1744 992 1507 2145 2070 1234 1730 905 1308 0 1287 1751 2137 1600 627
San Diego,CA
2898 818 2154 2701 1294 2010 935 3043 2608 2474 2364 2394 1163 2095 2427 2367 2280 1362 1084 1759 2358 729 1900 840 2943 1481 2102 1771 2352 1601 336 1681 124 124 2114 1816 2667 2134 2004 2026 2829 2838 2715 1361 1624 2447 2758 359 2468 3144 1091 1385 565 1856 749 1287 0 504 1275 2688 1411
San Francisco,CA
2961 1101 2508 2840 1178 2361 642 3140 2671 2870 2580 2742 1197 2148 2480 2762 2469 1747 1257 1812 2411 1193 1784 1024 3038 1945 2293 2156 2816 1816 568 1983 380 2330 2114 3131 2187 2057 2324 2293 2946 2989 1644 1677 2911 2897 760 2597 3241 636 1402 222 2072 745 1751 504 0 820 2840 1767
Sault Ste.Marie,OH
811 1760 1056 868 1283 1009 1907 936 518 1162 695 961 1382 461 508 1050 530 1353 1423 746 350 1908 676 1669 920 1507 537 1171 1339 942 2173 1077 2446 645 958 1680 404 546 820 1347 974 1055 1216 883 1497 925 2225 625 875 2170 1114 2338 722 1815 1627 2507 2560 2106 868 1132
Savannah,GA
930 1659 252 605 2092 400 2463 1011 903 105 510 246 1701 956 760 155 677 1044 1668 1248 814 1677 1603 1917 911 1011 769 635 140 1063 2239 783 2463 655 646 481 1049 1366 496 682 806 474 1116 1251 280 708 2111 693 1112 2858 1775 2657 807 2134 1202 2406 2760 2925 568 1226
Seattle,WA
2909 1433 2673 2788 821 2620 494 3088 2619 2976 2572 2848 1225 2072 2428 2868 2434 2078 1303 1771 2359 1695 1427 1114 2986 2326 2258 2521 3019 1862 1122 2262 1151 2372 2393 3334 2001 1666 2431 2577 2894 2975 1970 1670 3114 2845 1487 2545 3189 175 1144 763 2118 828 2137 1275 820 0 2788 1813
Shenandoah N.P.,VA
445 1798 567 126 1957 656 2415 532 383 534 278 333 1680 707 372 422 412 1239 1647 1018 526 1872 1354 1896 432 1327 591 895 711 1042 2378 922 2602 528 785 1052 800 1117 576 998 327 205 1255 1155 851 229 2263 243 633 2837 1620 2636 786 2113 1513 2601 2858 2780 85 1232
Shreveport,LA
1541 833 605 1245 1616 461 1876 1648 1274 925 948 845 1162 868 1087 818 946 187 1067 777 1107 820 1186 1128 1548 235 804 222 815 583 1413 215 1634 732 350 1130 958 1022 560 320 1443 1160 395 769 910 1348 1254 1129 1749 2298 1258 1858 563 1427 407 1549 1934 2365 1204 552
Spokane,WA
2627 1319 2381 2506 539 2328 419 2806 2337 2704 2290 2576 997 1790 2146 2596 2152 1870 1095 1489 2077 1581 1148 1000 2704 2118 1976 2313 2727 1570 1130 2054 1210 2090 2095 3042 1719 1384 2139 2369 2612 2693 1762 1388 2822 2563 1373 2263 2907 346 862 787 1826 714 2021 1302 879 282 2506 1605
Tampa,FL
1262 1760 458 937 2298 580 2642 1343 1235 437 842 578 1907 1174 1092 487 1029 1114 1874 1434 1190 1735 1827 2123 1234 987 989 705 202 1269 2340 962 2549 875 825 270 1267 1590 702 658 1138 806 1295 1457 84 1040 2169 1025 1444 3064 1981 2863 1013 2340 1178 2464 2928 3131 900 1405
Thunder Bay,ON
1168 1565 1375 1308 1049 1322 1673 1308 958 1566 1135 1438 1222 652 948 1458 970 1277 1263 586 790 1713 442 1509 1295 1519 838 1360 1721 782 2013 1168 2286 952 1147 2036 581 343 1133 1540 1414 1495 1126 723 1816 1365 2030 1065 1247 1936 954 2007 862 1655 1596 2347 2229 1872 1308 972
Toronto,OH
400 1824 970 478 1775 977 2207 567 107 967 534 766 1472 525 298 855 436 1449 1513 836 242 1972 1172 1759 509 1562 536 1203 1144 1032 2263 1132 2536 613 995 1485 618 935 788 1315 528 685 1280 973 1284 519 2289 324 597 2629 1438 2428 786 1905 1723 1597 2650 2598 498 1222
Tucson,AZ
2487 452 1745 2320 1318 1601 1113 2632 2197 2065 1953 1985 991 1742 2010 1958 1869 953 891 1384 1992 320 1724 687 2532 1072 1691 1362 1943 1190 407 1272 494 1703 1407 2258 1759 1629 1617 1420 2427 2306 950 1275 2038 2347 114 2057 2733 1460 1280 852 1445 773 878 409 873 1602 2279 1000
Vancouver,BC
3044 1568 2808 2923 956 2755 629 3223 2754 3111 2707 2983 1360 2207 2563 3003 2569 2213 1438 1906 2494 1830 1565 1249 3121 2461 2393 2656 3154 1997 1257 2397 1291 2507 2528 3469 2136 1801 2566 2712 3029 3110 2105 1805 3249 2980 1622 2680 3324 315 1279 903 2253 963 2272 1415 960 140 2923 1948
Washington,DC
361 1885 632 36 1965 743 2397 442 391 525 365 398 1662 715 380 475 420 1326 1700 1026 534 1959 1362 1949 342 1414 599 982 702 1095 2465 1009 2689 615 872 1043 808 1125 663 1085 237 195 1342 1163 842 139 2350 251 543 2819 1628 2618 845 2095 1600 2688 2840 2788 0 1285
Wichita,KA
1482 593 974 1285 1064 827 1324 1627 1192 1304 954 1176 610 720 1005 1196 864 365 515 384 983 741 727 764 1527 611 686 708 1293 190 1173 449 1397 704 580 1608 759 629 759 864 1422 1363 157 310 1388 1342 1058 1052 1728 1746 706 1545 446 1022 627 1411 1767 1813 1285 0
Winnipeg,MB
1704 1491 1590 1583 823 1537 1447 1883 1414 1781 1367 1657 998 867 1223 1673 1229 1308 1094 700 1154 1595 221 1340 1781 1554 1053 1562 1936 824 1785 1213 2058 1167 1349 2251 796 461 1348 1742 1689 1770 1100 642 2031 1640 1910 1340 1670 1487 771 1781 1080 1369 1570 2119 2003 1423 1583 946
Yellowstone,WY
2262 968 2016 2141 174 1963 441 2441 1972 2339 1925 2211 632 1425 1781 2231 1787 1377 602 1124 1712 1230 783 649 2339 1625 1611 1820 2362 1205 779 1561 1052 1725 1730 2677 1354 1019 1774 1876 2247 2328 1269 1023 2457 2198 1022 1898 2542 829 497 775 1461 363 1528 1113 997 765 2141 1112
Yosemite N.P.,CA
2996 1017 2424 2900 1213 2277 677 3175 2706 2786 2563 2658 1214 2183 2515 2678 2479 1663 1232 1847 2446 1118 1822 988 3073 1870 2301 2072 2665 1840 484 1899 305 2313 2030 2980 2222 2092 2240 2218 2981 2929 1560 1712 2760 2957 685 2632 3276 775 1437 271 2055 780 1676 429 209 959 2902 1610
Albany,NY
Albuquerque,NM
Atlanta,GA
Baltimore,MD
Billings,MT
Birmingham,AL
Boise,ID
Boston,MA
Buffalo,NY
Charleston,SC
Charleston,WV
Charlotte,NC 
Cheyenne,WY
Chicago,IL
Cleveland,OH
Columbia,SC
Columbus,OH
Dallas,TX
Denver,CO
Des Moines,IA
Detroit,MI
El Paso,TX
Fargo,ND
Grand Junction,CO
Hartford,CT
Houston,TX
Indianapolis,IN
Jackson,MS
Jacksonville,FL
Kansas City,MO
Las Vegas,NV
Little Rock,AR
Los Angeles,CA
Lousiville,KY
Memphis,TN
Miami,FL
Milwaukee,WI
MInneapolis,MN
Nashville,TN
New Orleans,LA
New York,NY
Norfolk,VA
Oklahoma City,OK
Omaha,NE
Orlando,FL
Philadelphia,PA
Phoenix,Az
Pittsburg,PA
Portland,MA
Portland,OR
Rapid City,SD
Reno,NV
St. Louis,MO
Salt Lake City,UT 
San Antonio,Tx
San Diego,CA
San Francisco,CA
Seattle,WA
Washington,DC
Wichita,KS
